netid:13150
(0,94,61),(1,94,61),(2,94,61),(3,94,61),(4,94,61),(5,94,61),(6,94,61),(6,95,61),(6,96,61),(6,97,61),(6,98,61),(6,99,61),(6,100,61),(6,101,61),(6,102,61),(6,103,61),(6,104,61),(6,105,61),(6,106,61),(6,107,61),(6,108,61),(6,109,61),(6,110,61),(6,111,61),(6,112,61),(6,113,61),(5,113,61),(5,113,62),(5,113,63),(5,113,64),(5,113,65),(5,113,66),(5,113,67),(4,113,67),(3,113,67),(2,113,67),(1,113,67),(0,113,67),(1,113,67),(2,113,67),(3,113,67),(4,113,67),(5,113,67)
netid:13345
(0,85,61),(1,85,61),(2,85,61),(3,85,61),(4,85,61),(5,85,61),(6,85,61),(6,86,61),(6,87,61),(6,88,61),(6,89,61),(6,90,61),(7,90,61),(8,90,61),(8,91,61),(8,92,61),(8,93,61),(8,94,61),(8,95,61),(8,96,61),(8,97,61),(8,98,61),(8,99,61),(8,100,61),(8,101,61),(8,102,61),(8,103,61),(8,104,61),(8,105,61),(8,106,61),(8,107,61),(8,108,61),(8,109,61),(8,110,61),(8,111,61),(8,112,61),(8,113,61),(7,113,61),(7,113,62),(7,113,63),(6,113,63),(5,113,63),(4,113,63),(3,113,63),(2,113,63),(1,113,63),(0,113,63),(1,113,63),(2,113,63),(3,113,63),(4,113,63),(5,113,63),(6,113,63),(7,113,63)
netid:286
(0,99,62),(1,99,62),(2,99,62),(2,100,62),(2,101,62),(2,102,62),(2,103,62),(2,104,62),(2,105,62),(2,106,62),(2,107,62),(2,108,62),(2,109,62),(2,110,62),(2,111,62),(1,111,62),(0,111,62),(1,111,62),(2,111,62)
netid:5433
(0,49,62),(1,49,62),(2,49,62),(3,49,62),(4,49,62),(4,50,62),(4,51,62),(4,52,62),(4,53,62),(4,54,62),(4,55,62),(4,56,62),(4,57,62),(4,58,62),(4,59,62),(4,60,62),(4,61,62),(4,62,62),(3,62,62),(2,62,62),(2,63,62),(2,64,62),(2,65,62),(2,66,62),(2,67,62),(2,68,62),(1,68,62),(1,68,63),(1,68,64),(0,68,64),(1,68,64)
(0,108,66),(1,108,66),(1,108,65),(1,108,64)
(1,108,64),(1,108,63),(1,108,62),(0,108,62),(1,108,62)
(0,107,64),(1,107,64),(2,107,64),(2,108,64),(1,108,64)
(2,101,67),(2,102,67),(2,103,67),(2,104,67),(2,105,67),(2,106,67),(1,106,67)
(2,106,67),(2,107,67),(2,108,67),(1,108,67)
(3,76,69)
(0,45,62),(1,45,62),(2,45,62),(2,46,62),(2,47,62),(2,48,62),(2,49,62)
(0,76,69),(1,76,69),(2,76,69),(3,76,69),(3,76,68),(3,76,67),(4,76,67),(4,77,67),(4,78,67),(4,79,67),(4,80,67),(4,81,67),(4,82,67),(4,83,67),(4,84,67),(4,85,67),(4,86,67),(4,87,67),(4,88,67),(4,89,67),(4,90,67),(4,91,67),(4,92,67),(4,93,67),(4,94,67),(4,95,67),(4,96,67),(4,97,67),(4,98,67),(4,99,67),(4,100,67),(4,101,67),(3,101,67),(2,101,67),(1,101,67),(0,101,67),(1,101,67),(2,101,67),(3,101,67),(4,101,67)
(1,108,66)
(1,68,64),(1,68,65),(1,68,66),(1,68,67),(1,68,68),(1,68,69),(2,68,69),(2,69,69),(2,70,69),(2,71,69),(2,72,69),(2,73,69),(2,74,69),(2,75,69),(2,76,69)
(2,108,67),(2,109,67),(1,109,67),(1,109,68),(0,109,68),(1,109,68)
(2,108,64)
(1,106,67),(1,106,68),(0,106,68),(1,106,68)
(1,108,67),(1,108,66)
(2,108,64),(2,109,64),(1,109,64),(0,109,64),(1,109,64),(2,109,64)
netid:13347
(0,106,61),(1,106,61),(2,106,61),(3,106,61),(4,106,61),(4,107,61),(4,108,61),(4,109,61),(4,110,61),(4,111,61),(4,112,61),(3,112,61),(3,112,62),(3,112,63),(3,112,64),(3,112,65),(3,112,66),(3,112,67),(3,112,68),(3,112,69),(3,112,70),(3,112,71),(3,112,72),(3,112,73),(3,112,74),(3,112,75),(2,112,75),(1,112,75),(0,112,75),(1,112,75),(2,112,75),(3,112,75)
netid:13477
(0,108,61),(1,108,61),(2,108,61),(2,109,61),(2,110,61),(2,111,61),(2,112,61),(2,113,61),(3,113,61),(3,113,62),(3,113,63),(3,113,64),(3,113,65),(3,113,66),(3,113,67),(3,113,68),(3,113,69),(3,113,70),(3,113,71),(3,113,72),(3,113,73),(3,113,74),(3,113,75),(3,113,76),(2,113,76),(1,113,76),(0,113,76),(1,113,76),(2,113,76),(3,113,76)
netid:13343
(0,104,64),(1,104,64),(2,104,64),(2,105,64),(2,106,64),(2,107,64),(2,108,64),(2,109,64),(2,110,64),(2,111,64),(1,111,64),(1,111,65),(1,111,66),(1,111,67),(1,111,68),(1,111,69),(1,111,70),(1,111,71),(0,111,71),(1,111,71)
netid:13340
(0,106,64),(1,106,64),(2,106,64),(2,107,64),(2,108,64),(2,109,64),(3,109,64),(3,109,65),(3,109,66),(3,109,67),(3,109,68),(3,109,69),(3,109,70),(3,109,71),(2,109,71),(2,110,71),(2,111,71),(2,112,71),(2,113,71),(1,113,71),(1,113,72),(0,113,72),(1,113,72)
netid:13339
(0,106,62),(1,106,62),(2,106,62),(2,107,62),(2,108,62),(2,109,62),(2,110,62),(2,111,62),(2,112,62),(1,112,62),(1,112,63),(1,112,64),(1,112,65),(1,112,66),(1,112,67),(1,112,68),(1,112,69),(1,112,70),(1,112,71),(1,112,72),(1,112,73),(1,112,74),(1,112,75),(1,112,76),(0,112,76),(1,112,76)
netid:14231
(1,110,63),(1,110,62),(0,110,62),(1,110,62)
(1,94,63),(1,94,64),(0,94,64),(1,94,64)
(0,93,63),(1,93,63),(2,93,63),(2,94,63)
(1,94,63),(2,94,63),(2,95,63),(2,96,63),(2,97,63),(2,98,63),(2,99,63),(2,100,63),(2,101,63),(2,102,63),(2,103,63),(2,104,63),(2,105,63),(2,106,63),(2,107,63),(2,108,63),(2,109,63),(2,110,63),(1,110,63),(0,110,63),(1,110,63),(2,110,63)
netid:224
(0,92,63),(1,92,63),(2,92,63),(2,93,63),(2,94,63),(2,95,63),(2,96,63),(3,96,63),(4,96,63),(4,97,63),(4,98,63),(4,99,63),(4,100,63),(4,101,63),(4,102,63),(4,103,63),(4,104,63),(4,105,63),(4,106,63),(4,107,63),(4,108,63),(4,109,63),(4,110,63),(4,111,63),(3,111,63),(2,111,63),(1,111,63),(0,111,63),(1,111,63),(2,111,63),(3,111,63),(4,111,63)
netid:14256
(0,97,64),(1,97,64),(2,97,64),(2,98,64),(2,99,64),(2,100,64),(2,101,64),(2,102,64),(2,103,64),(2,104,64),(2,105,64),(2,106,64),(2,107,64),(2,108,64),(2,109,64),(1,109,64),(0,109,64),(1,109,64),(2,109,64)
netid:13205
(0,97,63),(1,97,63),(2,97,63),(2,98,63),(2,99,63),(2,100,63),(2,101,63),(2,102,63),(2,103,63),(2,104,63),(2,105,63),(2,106,63),(2,107,63),(2,108,63),(2,109,63),(1,109,63),(1,109,64),(1,109,65),(1,109,66),(1,109,67),(1,109,68),(0,109,68),(1,109,68)
netid:13955
(0,82,65),(1,82,65),(2,82,65),(3,82,65),(4,82,65),(4,83,65),(4,84,65),(4,85,65),(4,86,65),(4,87,65),(4,88,65),(4,89,65),(4,90,65),(4,91,65),(4,92,65),(4,93,65),(4,94,65),(4,95,65),(4,96,65),(4,97,65),(4,98,65),(4,99,65),(4,100,65),(4,101,65),(4,102,65),(4,103,65),(4,104,65),(4,105,65),(4,106,65),(3,106,65),(2,106,65),(1,106,65)
(1,81,65),(1,81,64),(0,81,64),(1,81,64)
(1,81,65),(1,81,66),(0,81,66),(1,81,66)
(1,106,65),(1,106,66),(0,106,66),(1,106,66)
(2,106,65),(2,107,65),(2,108,65),(2,109,65),(1,109,65),(1,109,64),(1,109,63),(0,109,63),(1,109,63)
(1,81,65),(2,81,65),(2,82,65)
netid:13206
(0,100,64),(1,100,64),(1,100,65),(1,100,66),(2,100,66),(2,101,66),(2,102,66),(2,103,66),(2,104,66),(2,105,66),(2,106,66),(2,107,66),(2,108,66),(2,109,66),(2,110,66),(1,110,66),(1,110,67),(0,110,67),(1,110,67)
netid:91
(0,107,63),(1,107,63),(2,107,63),(3,107,63),(4,107,63),(5,107,63),(5,107,62),(5,107,61),(5,107,60),(5,107,59),(5,107,58),(5,107,57),(6,107,57),(7,107,57),(7,107,56),(7,107,55),(7,107,54),(7,107,53),(7,107,52),(7,107,51),(7,107,50),(7,107,49),(7,107,48),(7,107,47),(7,107,46),(7,107,45),(7,107,44),(7,107,43),(7,107,42),(7,107,41),(7,107,40),(7,107,39),(7,107,38),(7,107,37),(7,107,36),(7,107,35),(7,107,34),(7,107,33),(7,107,32),(7,107,31),(7,107,30),(6,107,30),(6,108,30),(5,108,30),(4,108,30),(3,108,30),(2,108,30),(1,108,30),(0,108,30),(1,108,30),(2,108,30),(3,108,30),(4,108,30),(5,108,30),(6,108,30)
netid:572
(0,107,64),(1,107,64),(1,107,65),(0,107,65),(1,107,65)
netid:13328
(0,100,64),(1,100,64),(2,100,64),(2,101,64),(2,102,64),(2,103,64),(2,104,64),(2,105,64),(2,106,64),(2,107,64),(2,108,64),(2,109,64),(2,110,64),(2,111,64),(1,111,64),(0,111,64),(1,111,64),(2,111,64)
netid:13337
(0,103,62),(1,103,62),(2,103,62),(2,104,62),(2,105,62),(2,106,62),(2,107,62),(2,108,62),(2,109,62),(2,110,62),(2,111,62),(1,111,62),(1,111,63),(0,111,63),(1,111,63)
netid:574
(0,108,64),(1,108,64),(2,108,64),(2,109,64),(1,109,64),(0,109,64),(1,109,64),(2,109,64)
netid:12846
(1,105,62),(2,105,62),(2,106,62),(2,107,62),(1,107,62),(0,107,62),(1,107,62),(2,107,62)
(0,104,62),(1,104,62),(2,104,62),(2,105,62)
(1,105,62),(1,105,63),(1,105,64),(0,105,64),(1,105,64)
(1,108,62),(1,108,63),(0,108,63),(1,108,63)
(1,107,62)
(2,107,62),(2,108,62),(1,108,62),(0,108,62),(1,108,62),(2,108,62)
(1,105,62)
(1,105,62),(1,105,61),(0,105,61),(1,105,61)
(1,107,62),(1,107,61),(0,107,61),(1,107,61)
