netid:13150
(0,94,61),(1,94,61),(2,94,61),(2,95,61),(2,96,61),(2,97,61),(3,97,61),(3,97,62),(3,97,63),(3,97,64),(3,97,65),(3,97,66),(3,97,67),(4,97,67),(4,98,67),(4,99,67),(4,100,67),(4,101,67),(4,102,67),(4,103,67),(4,104,67),(4,105,67),(4,106,67),(4,107,67),(4,108,67),(4,109,67),(4,110,67),(4,111,67),(4,112,67),(4,113,67),(3,113,67),(2,113,67),(1,113,67),(0,113,67),(1,113,67),(2,113,67),(3,113,67),(4,113,67)
netid:13345
(0,85,61),(1,85,61),(2,85,61),(3,85,61),(4,85,61),(4,86,61),(4,87,61),(4,88,61),(4,89,61),(4,90,61),(4,91,61),(4,92,61),(4,93,61),(4,94,61),(4,95,61),(4,96,61),(3,96,61),(3,96,62),(3,96,63),(4,96,63),(4,97,63),(4,98,63),(4,99,63),(4,100,63),(4,101,63),(4,102,63),(4,103,63),(4,104,63),(4,105,63),(4,106,63),(4,107,63),(4,108,63),(4,109,63),(4,110,63),(4,111,63),(4,112,63),(4,113,63),(3,113,63),(2,113,63),(1,113,63),(0,113,63),(1,113,63),(2,113,63),(3,113,63),(4,113,63)
netid:286
(0,99,62),(1,99,62),(2,99,62),(2,100,62),(2,101,62),(2,102,62),(2,103,62),(2,104,62),(2,105,62),(2,106,62),(2,107,62),(2,108,62),(2,109,62),(2,110,62),(2,111,62),(1,111,62),(0,111,62),(1,111,62),(2,111,62)
netid:5433
(1,49,62),(1,49,63),(2,49,63),(2,50,63),(2,51,63),(2,52,63),(2,53,63),(2,54,63),(2,55,63),(2,56,63),(2,57,63),(2,58,63),(1,58,63),(1,58,64),(2,58,64),(2,59,64),(2,60,64),(2,61,64),(2,62,64),(2,63,64),(2,64,64),(2,65,64),(2,66,64),(2,67,64),(2,68,64),(1,68,64),(0,68,64),(1,68,64),(2,68,64)
(1,109,66),(1,109,65),(1,109,64)
(1,108,64),(1,108,63),(1,108,62),(0,108,62),(1,108,62)
(0,107,64),(1,107,64),(2,107,64),(2,108,64),(1,108,64)
(2,101,67),(2,102,67),(2,103,67),(2,104,67),(2,105,67),(2,106,67),(1,106,67),(1,106,68)
(0,106,68),(1,106,68),(2,106,68),(2,107,68),(2,108,68),(2,109,68),(1,109,68),(0,109,68),(1,109,68),(2,109,68)
(3,76,67),(3,76,68),(3,76,69),(2,76,69),(1,76,69),(0,76,69),(1,76,69),(2,76,69),(3,76,69)
(0,45,62),(1,45,62),(2,45,62),(2,46,62),(2,47,62),(2,48,62),(2,49,62),(1,49,62),(0,49,62),(1,49,62),(2,49,62)
(3,76,67),(4,76,67),(4,77,67),(4,78,67),(4,79,67),(4,80,67),(4,81,67),(4,82,67),(4,83,67),(4,84,67),(4,85,67),(4,86,67),(4,87,67),(4,88,67),(4,89,67),(4,90,67),(4,91,67),(4,92,67),(4,93,67),(4,94,67),(4,95,67),(4,96,67),(4,97,67),(4,98,67),(4,99,67),(4,100,67),(4,101,67),(3,101,67),(2,101,67),(1,101,67),(0,101,67),(1,101,67),(2,101,67),(3,101,67),(4,101,67)
(0,108,66),(1,108,66),(2,108,66),(2,109,66),(1,109,66)
(2,68,64),(2,69,64),(3,69,64),(3,69,65),(3,69,66),(3,69,67),(4,69,67),(4,70,67),(4,71,67),(4,72,67),(4,73,67),(4,74,67),(4,75,67),(4,76,67)
(1,109,68),(1,109,67),(1,109,66)
(2,108,64),(2,109,64),(1,109,64),(0,109,64),(1,109,64),(2,109,64)
